parity 199;
0 89 0 122,131 "0";
1 135 1 22,63,194 "1";
2 116 1 60,184 "2";
3 48 0 63,76,123,153 "3";
4 184 0 15,132,196 "4";
5 121 0 44,102,131 "5";
6 62 0 39,71,133,178 "6";
7 71 1 105,107 "7";
8 98 1 86,116,132,191 "8";
9 147 0 67,84,109,136 "9";
10 35 1 91,175 "10";
11 49 0 0,45,54,112 "11";
12 2 1 3,49,119,129,154 "12";
13 48 1 97,102,129 "13";
14 200 1 73,78,132,138 "14";
15 182 0 57,130 "15";
16 91 1 8,45,103,111 "16";
17 158 1 6,31,77,104 "17";
18 116 1 41,49,93,123 "18";
19 22 1 47,68,156,188 "19";
20 195 1 120,133,170 "20";
21 100 1 26,32,44,112 "21";
22 186 0 11,38,54 "22";
23 96 1 16,51,62,118 "23";
24 177 1 72,187 "24";
25 99 1 66,100,104,198 "25";
26 178 1 45,52,96,156,173 "26";
27 108 1 36,85,145,171 "27";
28 107 0 42,53,67,98 "28";
29 177 0 21,53,158 "29";
30 110 1 14,95,116,186 "30";
31 7 0 56,95,110,117,157 "31";
32 52 1 60,104,110,126 "32";
33 75 1 13,56,100,160,198 "33";
34 32 1 11,64,122,142,161 "34";
35 190 0 126,168,170 "35";
36 187 0 3,47,116,189 "36";
37 19 0 43,69,152,164,195 "37";
38 158 0 20,114 "38";
39 54 1 9,128,159,178 "39";
40 198 0 17,33,117,173,187 "40";
41 68 0 17,71,87,142 "41";
42 80 1 0,26,78 "42";
43 67 0 23,94,186 "43";
44 175 1 98,100,108,122,176 "44";
45 158 0 47,120,166,184 "45";
46 7 0 23,71,168 "46";
47 74 0 91,104,109,163,182 "47";
48 188 1 24,53,88,92,187 "48";
49 43 1 63,114,133,145,175 "49";
50 26 0 10,103,165 "50";
51 170 0 7,11,76,156,198 "51";
52 95 0 32,154,162,192 "52";
53 121 0 103,176 "53";
54 4 0 69,76,85,147,171 "54";
55 42 0 44,136,153,154,166 "55";
56 46 1 16,141 "56";
57 175 0 22,123,146,176 "57";
58 180 1 4,84,99,145,169 "58";
59 111 1 10,62 "59";
60 7 1 19,88,104,156,166 "60";
61 36 0 1,53,78,151,158 "61";
62 106 0 8,25,27,135,186 "62";
63 14 1 53,108,123,152 "63";
64 130 1 96,105,129,137,177 "64";
65 106 1 58,112,127,137 "65";
66 115 1 12,57,138,169 "66";
67 106 1 0,4,65,83,163 "67";
68 76 1 3,35,50,54,107 "68";
69 51 1 145,199 "69";
70 25 0 40,44,51,113,188 "70";
71 84 1 122,159 "71";
72 123 0 8,62,87,166 "72";
73 191 0 33,60,165,185 "73";
74 68 1 72,83,136,148,167 "74";
75 149 0 5,13,19,139,147 "75";
76 194 1 88,108,141,144,161 "76";
77 197 1 99,173,183,189 "77";
78 48 0 30,191 "78";
79 157 1 72,142,198 "79";
80 188 0 69,156,195 "80";
81 158 0 141,144,175 "81";
82 139 1 2,8,198 "82";
83 116 1 52,85 "83";
84 56 1 0,98,135,156,174 "84";
85 130 0 23,75,106,179,190 "85";
86 157 1 167,194 "86";
87 54 1 42,66,106,127 "87";
88 51 1 53,109,148,164 "88";
89 149 0 1,34,48,70,149 "89";
90 4 1 0,14,113,156,181 "90";
91 137 0 7,105,132,159,173 "91";
92 187 1 105,124 "92";
93 69 0 15,52,129,134,164 "93";
94 98 0 57,79,130,141,164 "94";
95 187 1 135,194 "95";
96 4 0 55,197 "96";
97 38 1 130,191 "97";
98 80 1 75,82,111,144,148 "98";
99 73 1 41,120,191 "99";
100 135 1 12,41,62,131,161 "100";
101 52 1 94,152,190,195 "101";
102 106 0 74,114 "102";
103 40 0 34,95,97,104 "103";
104 93 0 6,18,28,81,107 "104";
105 23 1 58,76,78,182,192 "105";
106 101 1 56,109,146 "106";
107 118 0 26,27,129,147,167 "107";
108 52 1 55,72,103,191 "108";
109 99 0 80,157 "109";
110 138 0 12,103 "110";
111 15 0 17,89,93 "111";
112 105 0 9,12,83,84 "112";
113 122 0 85,110,114,133 "113";
114 48 0 17,40,74,164,191 "114";
115 70 0 3,29,131,172 "115";
116 113 1 111,126 "116";
117 123 1 47,57,193 "117";
118 101 0 2,110,199 "118";
119 34 1 21,36,41,60,100 "119";
120 177 1 37,139,168,187 "120";
121 50 1 45,131,158,173 "121";
122 89 1 42,77,166,175 "122";
123 69 0 70,141 "123";
124 73 0 59,132,139,167,192 "124";
125 145 0 40,77 "125";
126 73 0 60,64,125,197 "126";
127 146 1 1,117 "127";
128 167 0 37,41,56 "128";
129 88 0 12,29,131,140,175 "129";
130 172 0 17,69,83,103,173 "130";
131 141 0 11,43,140 "131";
132 187 0 19,25 "132";
133 48 0 61,84,135,172,183 "133";
134 122 0 32,89,127,135 "134";
135 47 0 62,81,154,162 "135";
136 142 1 4,21,167,197 "136";
137 2 1 16,42 "137";
138 152 1 36,46 "138";
139 176 0 19,71 "139";
140 104 0 31,36,96,101,112 "140";
141 75 0 33,61,185,198 "141";
142 162 0 41,82,171,189 "142";
143 19 0 12,35,40,115,117 "143";
144 147 1 44,120 "144";
145 103 0 65,87,105,115,152 "145";
146 71 1 50,161 "146";
147 25 1 77,83,133,153 "147";
148 131 0 42,72,168 "148";
149 43 1 0,185,195 "149";
150 29 0 56,86,115,138 "150";
151 181 0 51,149 "151";
152 179 0 14,65,84,151,164 "152";
153 55 0 18,116,117,141,154 "153";
154 176 0 44,53,174,180 "154";
155 175 0 69,119,183 "155";
156 19 1 133,159,182 "156";
157 159 1 48,112,172,178 "157";
158 169 1 60,68,91,139,156 "158";
159 88 1 78,142,147 "159";
160 92 1 32,35,102,127 "160";
161 77 0 46,168,191 "161";
162 7 0 7,13,52 "162";
163 193 1 24,81,135,192 "163";
164 28 1 59,160 "164";
165 76 0 28,82,154,162,199 "165";
166 157 1 28,64,138 "166";
167 145 1 16,130,161,196 "167";
168 95 0 26,32,85 "168";
169 76 0 95,114,159,179 "169";
170 91 1 127,147 "170";
171 9 1 30,63,70,158,181 "171";
172 130 0 55,122,155 "172";
173 118 0 116,164 "173";
174 31 0 67,162 "174";
175 78 0 89,166 "175";
176 60 0 142,151 "176";
177 35 1 20,33,39,186 "177";
178 100 1 19,65,127,163,184 "178";
179 102 1 54,113,182 "179";
180 42 0 41,103,196 "180";
181 174 0 9,37,180 "181";
182 5 1 49,164,173 "182";
183 70 1 36,75,136,150 "183";
184 102 0 19,33,116 "184";
185 174 1 73,129 "185";
186 164 1 139,187 "186";
187 146 0 66,94,126 "187";
188 165 1 13,111,193 "188";
189 1 0 83,129 "189";
190 166 0 15,159 "190";
191 170 1 23,146,199 "191";
192 97 1 53,125 "192";
193 31 0 70,135 "193";
194 139 0 58,122,151 "194";
195 95 0 18,30,94,111,133 "195";
196 30 1 30,65,191,198 "196";
197 48 0 40,79,121,147,179 "197";
198 195 0 15,39,94,119,196 "198";
199 81 0 0,160 "199";
