parity 419;
0 21 0 21;
2 21 0 23;
4 21 0 25;
6 21 0 27;
8 21 0 29;
10 21 0 31;
12 21 0 33;
14 21 0 35;
16 21 0 37;
18 21 0 39;
20 20 1 21,0;
21 20 0 20,22,401;
22 20 1 21,23,2;
23 20 0 22,24,403;
24 20 1 23,25,4;
25 20 0 24,26,405;
26 20 1 25,27,6;
27 20 0 26,28,407;
28 20 1 27,29,8;
29 20 0 28,30,409;
30 20 1 29,31,10;
31 20 0 30,32,411;
32 20 1 31,33,12;
33 20 0 32,34,413;
34 20 1 33,35,14;
35 20 0 34,36,415;
36 20 1 35,37,16;
37 20 0 36,38,417;
38 20 1 37,39,18;
39 20 0 39,38;
40 19 0 61;
42 19 0 63;
44 19 0 65;
46 19 0 67;
48 19 0 69;
50 19 0 71;
52 19 0 73;
54 19 0 75;
56 19 0 77;
58 19 0 79;
60 18 1 61,40;
61 18 0 60,62,401;
62 18 1 61,63,42;
63 18 0 62,64,403;
64 18 1 63,65,44;
65 18 0 64,66,405;
66 18 1 65,67,46;
67 18 0 66,68,407;
68 18 1 67,69,48;
69 18 0 68,70,409;
70 18 1 69,71,50;
71 18 0 70,72,411;
72 18 1 71,73,52;
73 18 0 72,74,413;
74 18 1 73,75,54;
75 18 0 74,76,415;
76 18 1 75,77,56;
77 18 0 76,78,417;
78 18 1 77,79,58;
79 18 0 79,78;
80 17 0 101;
82 17 0 103;
84 17 0 105;
86 17 0 107;
88 17 0 109;
90 17 0 111;
92 17 0 113;
94 17 0 115;
96 17 0 117;
98 17 0 119;
100 16 1 101,80;
101 16 0 100,102,401;
102 16 1 101,103,82;
103 16 0 102,104,403;
104 16 1 103,105,84;
105 16 0 104,106,405;
106 16 1 105,107,86;
107 16 0 106,108,407;
108 16 1 107,109,88;
109 16 0 108,110,409;
110 16 1 109,111,90;
111 16 0 110,112,411;
112 16 1 111,113,92;
113 16 0 112,114,413;
114 16 1 113,115,94;
115 16 0 114,116,415;
116 16 1 115,117,96;
117 16 0 116,118,417;
118 16 1 117,119,98;
119 16 0 119,118;
120 15 0 141;
122 15 0 143;
124 15 0 145;
126 15 0 147;
128 15 0 149;
130 15 0 151;
132 15 0 153;
134 15 0 155;
136 15 0 157;
138 15 0 159;
140 14 1 141,120;
141 14 0 140,142,401;
142 14 1 141,143,122;
143 14 0 142,144,403;
144 14 1 143,145,124;
145 14 0 144,146,405;
146 14 1 145,147,126;
147 14 0 146,148,407;
148 14 1 147,149,128;
149 14 0 148,150,409;
150 14 1 149,151,130;
151 14 0 150,152,411;
152 14 1 151,153,132;
153 14 0 152,154,413;
154 14 1 153,155,134;
155 14 0 154,156,415;
156 14 1 155,157,136;
157 14 0 156,158,417;
158 14 1 157,159,138;
159 14 0 159,158;
160 13 0 181;
162 13 0 183;
164 13 0 185;
166 13 0 187;
168 13 0 189;
170 13 0 191;
172 13 0 193;
174 13 0 195;
176 13 0 197;
178 13 0 199;
180 12 1 181,160;
181 12 0 180,182,401;
182 12 1 181,183,162;
183 12 0 182,184,403;
184 12 1 183,185,164;
185 12 0 184,186,405;
186 12 1 185,187,166;
187 12 0 186,188,407;
188 12 1 187,189,168;
189 12 0 188,190,409;
190 12 1 189,191,170;
191 12 0 190,192,411;
192 12 1 191,193,172;
193 12 0 192,194,413;
194 12 1 193,195,174;
195 12 0 194,196,415;
196 12 1 195,197,176;
197 12 0 196,198,417;
198 12 1 197,199,178;
199 12 0 199,198;
200 11 0 221;
202 11 0 223;
204 11 0 225;
206 11 0 227;
208 11 0 229;
210 11 0 231;
212 11 0 233;
214 11 0 235;
216 11 0 237;
218 11 0 239;
220 10 1 221,200;
221 10 0 220,222,401;
222 10 1 221,223,202;
223 10 0 222,224,403;
224 10 1 223,225,204;
225 10 0 224,226,405;
226 10 1 225,227,206;
227 10 0 226,228,407;
228 10 1 227,229,208;
229 10 0 228,230,409;
230 10 1 229,231,210;
231 10 0 230,232,411;
232 10 1 231,233,212;
233 10 0 232,234,413;
234 10 1 233,235,214;
235 10 0 234,236,415;
236 10 1 235,237,216;
237 10 0 236,238,417;
238 10 1 237,239,218;
239 10 0 239,238;
240 9 0 261;
242 9 0 263;
244 9 0 265;
246 9 0 267;
248 9 0 269;
250 9 0 271;
252 9 0 273;
254 9 0 275;
256 9 0 277;
258 9 0 279;
260 8 1 261,240;
261 8 0 260,262,401;
262 8 1 261,263,242;
263 8 0 262,264,403;
264 8 1 263,265,244;
265 8 0 264,266,405;
266 8 1 265,267,246;
267 8 0 266,268,407;
268 8 1 267,269,248;
269 8 0 268,270,409;
270 8 1 269,271,250;
271 8 0 270,272,411;
272 8 1 271,273,252;
273 8 0 272,274,413;
274 8 1 273,275,254;
275 8 0 274,276,415;
276 8 1 275,277,256;
277 8 0 276,278,417;
278 8 1 277,279,258;
279 8 0 279,278;
280 7 0 301;
282 7 0 303;
284 7 0 305;
286 7 0 307;
288 7 0 309;
290 7 0 311;
292 7 0 313;
294 7 0 315;
296 7 0 317;
298 7 0 319;
300 6 1 301,280;
301 6 0 300,302,401;
302 6 1 301,303,282;
303 6 0 302,304,403;
304 6 1 303,305,284;
305 6 0 304,306,405;
306 6 1 305,307,286;
307 6 0 306,308,407;
308 6 1 307,309,288;
309 6 0 308,310,409;
310 6 1 309,311,290;
311 6 0 310,312,411;
312 6 1 311,313,292;
313 6 0 312,314,413;
314 6 1 313,315,294;
315 6 0 314,316,415;
316 6 1 315,317,296;
317 6 0 316,318,417;
318 6 1 317,319,298;
319 6 0 319,318;
320 5 0 341;
322 5 0 343;
324 5 0 345;
326 5 0 347;
328 5 0 349;
330 5 0 351;
332 5 0 353;
334 5 0 355;
336 5 0 357;
338 5 0 359;
340 4 1 341,320;
341 4 0 340,342,401;
342 4 1 341,343,322;
343 4 0 342,344,403;
344 4 1 343,345,324;
345 4 0 344,346,405;
346 4 1 345,347,326;
347 4 0 346,348,407;
348 4 1 347,349,328;
349 4 0 348,350,409;
350 4 1 349,351,330;
351 4 0 350,352,411;
352 4 1 351,353,332;
353 4 0 352,354,413;
354 4 1 353,355,334;
355 4 0 354,356,415;
356 4 1 355,357,336;
357 4 0 356,358,417;
358 4 1 357,359,338;
359 4 0 359,358;
360 3 0 381;
362 3 0 383;
364 3 0 385;
366 3 0 387;
368 3 0 389;
370 3 0 391;
372 3 0 393;
374 3 0 395;
376 3 0 397;
378 3 0 399;
380 2 1 381,360;
381 2 0 380,382,401;
382 2 1 381,383,362;
383 2 0 382,384,403;
384 2 1 383,385,364;
385 2 0 384,386,405;
386 2 1 385,387,366;
387 2 0 386,388,407;
388 2 1 387,389,368;
389 2 0 388,390,409;
390 2 1 389,391,370;
391 2 0 390,392,411;
392 2 1 391,393,372;
393 2 0 392,394,413;
394 2 1 393,395,374;
395 2 0 394,396,415;
396 2 1 395,397,376;
397 2 0 396,398,417;
398 2 1 397,399,378;
399 2 0 399,398;
400 0 0 401;
401 1 1 400,402,21,61,101,141,181,221,261,301,341,381;
402 0 0 401,403;
403 1 1 402,404,23,63,103,143,183,223,263,303,343,383;
404 0 0 403,405;
405 1 1 404,406,25,65,105,145,185,225,265,305,345,385;
406 0 0 405,407;
407 1 1 406,408,27,67,107,147,187,227,267,307,347,387;
408 0 0 407,409;
409 1 1 408,410,29,69,109,149,189,229,269,309,349,389;
410 0 0 409,411;
411 1 1 410,412,31,71,111,151,191,231,271,311,351,391;
412 0 0 411,413;
413 1 1 412,414,33,73,113,153,193,233,273,313,353,393;
414 0 0 413,415;
415 1 1 414,416,35,75,115,155,195,235,275,315,355,395;
416 0 0 415,417;
417 1 1 416,418,37,77,117,157,197,237,277,317,357,397;
418 0 0 417,419;
419 1 1 418,419,39,79,119,159,199,239,279,319,359,399 "he l l  o; ads"  ;
